Title,Year,mean_group_size,n_observations,n_encounters,prop_skinny,n_days
1,1989,3.4375,16,16,0,6
1,1990,3.9375,16,16,0,4
1,1994,3.3333333333333335,3,3,0,1
1,1996,2.25,4,4,0,3
1,1998,2.6,20,20,0,7
1,1999,3.9,10,10,0,5
1,2001,2.7142857142857144,7,7,0,2
1,2002,2.7,10,10,0,1
1,2003,2.3333333333333335,3,3,0,2
10,1989,2.3333333333333335,3,3,0,1
10,1990,2,1,1,0,2
10,1996,2,1,1,0,3
10,1998,3.5384615384615383,13,13,0,8
10,1999,3.2,5,5,0,2
10,2002,2.6,10,10,0,2
10,2011,2.3333333333333335,3,3,0,2
1000,1997,3,2,2,0,2
1009,1996,2,3,3,1,2
101,1990,4.833333333333333,6,6,0,3
1019,1998,2.52,25,25,0,9
1019,1999,4,2,2,0,2
1019,2002,2.8,5,5,0,1
102,1990,2.8260869565217392,23,23,0,9
102,1993,3,2,2,0,2
102,1996,3.2857142857142856,14,14,0.33333333333333337,3
102,1997,2.764705882352941,17,17,0,3
102,1998,2.3333333333333335,3,3,0.5,2
102,1999,3.3333333333333335,3,3,0,2
102,2001,2.4,5,5,0,1
102,2002,2.2,5,5,0,3
102,2013,2,1,1,0,2
102,2015,2.5714285714285716,7,6,1,1
102,2016,2.272727272727273,11,8,1,1
102,2017,2,3,2,NA,NA
1020,1996,2,1,1,0,3
1020,1997,2.2,5,5,0,5
1022,1996,3.5,4,4,0,3
1022,1997,2,3,3,0,3
1022,1999,3,1,1,0,1
1023,1996,4.25,4,4,0,2
1030,1996,2.3333333333333335,6,6,0,5
1032,1996,2,5,5,0,1
104,1989,3,3,3,0,1
104,1990,3.4166666666666665,12,12,0,6
1040,1996,2.5454545454545454,11,11,0,5
1040,1999,3.142857142857143,7,7,0,4
1042,1996,2.25,4,4,0,2
1042,1997,2.5,2,2,0,1
1043,1996,2.6666666666666665,6,6,0,3
1045,1996,2.7,10,10,0,1
1046,1996,2.375,16,16,0,5
1047,1996,2,1,1,0,1
105,1989,3,1,1,0,1
105,1990,5,1,1,0,1
1054,1996,4,2,2,0,1
1057,1996,3,1,1,0,1
1058,1996,3.7142857142857144,7,7,0,5
1059,1996,3,1,1,0,1
106,1989,3.6,5,5,0,2
106,1990,2,3,3,0,1
1062,1996,3,13,13,0,4
1063,1996,3,23,23,0,6
1063,1997,2,1,1,0,1
1066,1996,2,2,2,0,1
1068,1996,2,1,1,0,1
1069,1996,2,1,1,0,1
1069,1997,2,3,3,0,2
1072,1996,3.25,8,8,0,3
1081,1996,2.3333333333333335,6,6,0,2
1093,1996,3,2,2,0,1
1094,1996,2.6666666666666665,6,6,0.33333333333333337,3
1094,1997,2.25,4,4,0,3
1097,1996,2.5,2,2,0,2
1109,1996,3,1,1,0,2
111,1989,4,1,1,0,1
1110,1996,2,1,1,0,1
1114,1996,2.5,2,2,0,4
1114,1997,2,1,1,0,2
1114,1999,2.6666666666666665,3,3,0,1
1114,2008,2,1,1,0,1
1116,1996,2.5,2,2,0,1
1121,1996,2.5,4,4,0,3
1124,1996,2,2,2,0,1
1134,1996,2,1,1,0,1
1136,1996,3,2,2,0,1
1140,1996,4,1,1,0,1
1142,1996,4.285714285714286,7,7,0,2
1146,1997,3,2,2,0,2
1146,1998,3.227272727272727,22,22,0,10
1146,1999,2,1,1,0,1
1147,1996,2.888888888888889,9,9,0,1
1147,1997,2,8,8,0,1
1147,1998,2,6,6,0,3
1147,1999,6.2727272727272725,11,11,0,4
1147,2006,2.5714285714285716,7,7,0,2
1147,2010,2,1,1,0,4
1148,1996,3,3,3,0,2
115,1989,5,2,2,0,1
115,1990,3,2,2,0,2
1152,1996,2,1,1,0,1
1155,1996,2.3333333333333335,3,3,0,1
1155,1998,2.8181818181818183,33,33,0,10
1158,1996,3.5,2,2,0,1
116,1989,4,1,1,0,1
1160,1996,3,1,1,0,1
1163,1996,4,2,2,0,1
1173,1996,2.5,2,2,0,2
1173,2001,4,2,2,0,1
1174,1996,2.5,2,2,0,1
1176,1996,2,1,1,0,1
1179,1996,3,1,1,0,1
118,1989,4,1,1,0,1
118,1998,3,27,27,0,6
1185,1996,3.2,5,5,0,1
119,1989,5.333333333333333,3,3,0,1
120,1989,4,2,2,0,1
120,1996,4,3,3,0.33333333333333337,3
120,1997,3,1,1,0,1
120,1999,3.8,5,5,0,2
120,2002,2.5,6,6,0,4
120,2003,2.4,5,5,0,2
120,2006,2,1,1,0,1
120,2013,2.2,5,5,1,1
1205,1997,3,1,1,0,1
1217,1997,3.142857142857143,7,7,0,3
1219,1997,4.666666666666667,3,3,0,1
1220,1997,3.3,10,10,0,3
1221,1997,3.8,5,5,0,2
1227,1997,4,1,1,0,1
1233,1997,4,1,1,0,1
1234,1997,4,1,1,0,1
1237,1997,3,1,1,0,1
1239,1997,2.625,8,8,0,3
1239,1998,2.4615384615384617,13,13,0,5
124,1989,3,2,2,0,2
124,1994,4,1,1,0,1
124,1996,2.8333333333333335,6,6,0,5
124,1997,2,1,1,0,2
124,2002,2,1,1,0,2
1247,1997,2,1,1,0,1
1248,1997,2,2,2,0,2
1251,1997,3,1,1,0,1
1253,1998,2,1,1,0,1
1258,1997,2.3333333333333335,3,3,0,2
1264,1997,2,1,1,0,1
1266,1997,2,1,1,0,1
1267,1997,2.2222222222222223,9,9,0,6
127,1989,2.5,2,2,0,1
127,1999,3,2,2,0,2
127,2002,2.5,12,12,0,2
1270,1997,3,1,1,0,1
1272,1997,2.5,2,2,0,1
1272,1998,2,1,1,0,1
1275,1997,2.3333333333333335,3,3,0,1
1276,1997,2,1,1,0,1
1277,1997,2,1,1,0,1
1280,1997,3,1,1,0,1
1284,1997,2,1,1,0,2
1284,1998,2,1,1,0,1
129,1989,3,1,1,0,1
129,1990,2,3,3,0,1
1291,1997,2,1,1,0,1
1292,1997,2.727272727272727,11,11,0,4
1293,1997,2.6666666666666665,3,3,0,1
1296,1997,2.6666666666666665,3,3,0,1
13,1989,3.2857142857142856,7,7,0,1
13,1990,4.428571428571429,14,14,0,5
1301,1997,3,1,1,0,1
1307,1997,2,5,5,0,2
1309,1997,2,1,1,0,1
131,1989,2.5,2,2,0,1
131,1995,4,1,1,0,1
131,1997,2.6666666666666665,3,3,0,2
131,1998,3.0652173913043477,46,46,0.5,10
131,1999,3.909090909090909,11,11,0.33333333333333337,3
1311,1997,2,1,1,0,2
1313,1998,2.3,10,10,0,3
1313,2001,3.6,5,5,0,2
1313,2002,3.2,10,10,0,3
1313,2006,2,1,1,0,1
1315,1997,2,4,4,0,1
1317,1997,2.5,2,2,0,2
1317,2021,2,4,4,NA,NA
132,1989,2,1,1,0,1
1320,1997,2,1,1,0,1
1329,1997,2,1,1,0,1
1329,1998,4.5,2,2,0,1
1332,1997,2,3,3,0,1
1332,1998,2.3333333333333335,12,12,0,3
1332,1999,2,1,1,0,1
1334,1997,2,3,3,0,1
1334,1998,2.4166666666666665,12,12,0,3
1334,1999,2.6666666666666665,3,3,0,2
1335,1997,2,2,2,0,2
1336,1994,4.5,2,2,0,1
1336,1997,2.5,2,2,0,1
1336,1998,2,1,1,0,1
1336,1999,2,1,1,0,1
1336,2001,2,1,1,0,1
1336,2021,2,1,1,NA,NA
1337,1997,2.25,4,4,0,4
1337,1998,4.5,2,2,0,3
134,1989,2.5,2,2,0,1
134,1990,2.5,2,2,0,2
1344,1997,2,1,1,0,1
1345,1997,2,1,1,0,1
1348,1997,2,1,1,0,1
135,1989,3,1,1,0,1
1351,1997,2,2,2,0,2
1354,1997,2,1,1,0,1
1357,1997,2.3333333333333335,3,3,0,2
1358,1997,2.2,5,5,0,3
1364,1997,2.3333333333333335,3,3,0,1
1364,2001,2,3,3,0,2
1364,2002,2.25,4,4,0,1
1364,2010,2.5,2,2,NA,NA
1364,2016,2.5714285714285716,7,7,0,1
1369,1997,2,1,1,0,1
138,1989,3,1,1,0,1
14,1989,2,1,1,0,1
1404,1998,2.875,8,8,0,3
141,1989,3,3,3,0,2
1410,1998,2.5,4,4,0,3
1414,1998,3.8,5,5,0,2
1417,1998,3.375,8,8,0,3
1418,1998,2.8333333333333335,6,6,0,2
1420,1998,3,1,1,0,1
1422,1998,2.933333333333333,15,15,0,6
1424,1998,2.96,25,25,0,6
1426,1998,2,2,2,0,3
1429,1998,2,2,2,0,1
143,1990,2,1,1,0,1
143,1997,2,3,3,0,3
143,2006,3,1,1,0,1
1435,1998,3.6666666666666665,6,6,0,2
1436,1998,2.25,4,4,0,1
1438,1998,2.5,4,4,0,3
1438,1999,4,2,2,0,1
144,1989,3,1,1,0,1
1442,1998,3.5,4,4,0,1
1450,1998,2.2857142857142856,7,7,0,2
1451,1998,2.5,6,6,0,2
1458,1998,3,3,3,0,2
1458,2002,3,1,1,0,1
1458,2006,2,1,1,0,1
1458,2010,2,4,3,0,2
1458,2011,2,1,1,0,5
1458,2016,2.1,10,7,0,1
146,1989,3,2,2,0,2
1461,1998,3.4285714285714284,7,7,0,4
1461,1999,6,4,4,0,3
1469,1998,2,9,9,0,4
1469,1999,5,14,14,0,6
1470,1998,2,14,14,0,4
1470,1999,5.5,6,6,0,5
1470,2003,2.6666666666666665,3,3,0,1
1472,1998,2.736842105263158,19,19,1,8
1472,1999,3.888888888888889,9,9,0,5
1473,1998,2.5,2,2,0,1
1479,1998,2,1,1,0,1
1488,1998,3,1,1,0,1
149,1989,3,1,1,0,1
1493,1998,2,1,1,0,1
1493,1999,9,1,1,0,2
1496,1998,2,1,1,0,1
1497,1998,2,1,1,0,1
15,1989,6,2,2,0,2
15,1990,2,2,2,0,2
1500,1998,3,1,1,1,1
1501,1998,2.25,4,4,0,2
1503,1998,3,1,1,0,1
1504,1998,2,2,2,0,1
1505,1998,2,3,3,0,1
1507,1998,2.5,2,2,0,2
151,1989,2.3333333333333335,3,3,0,1
1510,1998,2.6,5,5,0,3
1512,1998,2.5,6,6,0,1
1512,2002,2,2,2,0,1
1513,1998,2.6666666666666665,3,3,0,1
1515,1998,4,1,1,0,1
152,1990,2.6153846153846154,13,13,0,5
153,1989,2.3333333333333335,3,3,0,1
153,1990,3,1,1,0,2
156,1989,2,4,4,0,1
156,1990,2,1,1,0,1
158,1990,2,1,1,0,1
159,1989,2.4,5,5,0,1
159,1996,3,2,2,0.5,2
159,1997,2.4285714285714284,7,7,0,4
16,1990,5.2,5,5,0,2
16,2001,3,2,2,0,1
16,2002,4,1,1,0,2
16,2011,2,2,2,0,6
1602,1999,6,1,1,0,1
1605,1999,4.5,2,2,0,1
1618,1999,4.625,8,8,0,3
162,1989,2.5,2,2,0,1
162,1994,3,2,2,0,2
162,1999,8,1,1,0,1
162,2011,2,1,1,0,1
162,2019,2.375,8,3,NA,NA
162,2021,2,9,7,NA,NA
1621,1999,4,4,4,0,1
1622,1999,3.4,5,5,0,1
1623,1999,3.5,2,2,0,1
1626,1999,5,1,1,0,1
1628,1999,4.5,2,2,0,2
1630,1999,6.666666666666667,6,6,0,5
1631,1999,7,1,1,0,1
1632,1999,7,1,1,0,1
1633,1999,5.333333333333333,9,9,0,8
1634,1999,6.5,8,8,0,6
1642,2001,3,1,1,0,1
1645,1999,5,9,9,0,6
1651,1999,5.5,4,4,0,2
166,1990,2.5,2,2,0,2
1662,1999,2.75,4,4,0,3
1667,1999,3,1,1,0,1
1672,1999,3.5,2,2,0,1
1674,1999,4,1,1,0,1
1676,1999,6,2,2,0,1
1676,2002,2,1,1,0,1
1676,2013,2.5,2,2,0,1
1677,1999,5,4,4,0,1
168,1989,2,4,4,0,2
1687,1999,2,1,1,0,1
1692,1999,4.25,4,4,0,1
1693,1999,5,3,3,0,1
1695,1999,9,1,1,0,1
1696,1999,9,1,1,0,1
1697,1999,9,1,1,0,1
17,1989,4.2,5,5,0,2
17,1996,2,1,1,0,3
17,1999,6,1,1,0,2
17,2001,2.5714285714285716,7,7,0,2
17,2002,2,1,1,0,2
170,1997,2,1,1,0,1
170,1998,3.8333333333333335,6,6,0,3
170,1999,5.6,5,5,0,4
170,2011,2,1,1,0,2
1715,2001,2,1,1,0,1
1716,2001,2,1,1,0,1
1720,2001,2,1,1,0,1
1721,2001,2,1,1,0,1
1723,2001,2.25,4,4,0,1
1730,2001,2,1,1,0,1
1735,2001,2,1,1,0,1
1737,2001,2,1,1,0,1
1739,2001,3,3,3,0,1
1739,2011,2.3333333333333335,3,3,0,5
1739,2013,2.2222222222222223,9,8,0,3
1739,2015,2.4,5,5,0,4
1739,2016,2.25,20,16,1,1
1739,2017,3,1,1,NA,NA
1739,2023,2.2857142857142856,7,4,NA,NA
174,1989,2,2,2,0,1
1744,2001,6,1,1,0,1
1747,2006,2.6363636363636362,11,11,0,5
1747,2007,2,2,1,0,1
1749,2001,6,1,1,0,1
1750,2001,6,1,1,0,1
1752,2001,3,3,3,0,2
1753,2001,2.5,6,6,0,2
1756,2001,2,1,1,0,1
1757,2001,2,3,3,0,1
1757,2006,2.8,10,10,0,4
1757,2010,2.5,4,3,0,2
1757,2011,2,1,1,0,2
1757,2015,2,5,4,0,1
1757,2016,2,3,2,0,1
1759,2001,2,1,1,0,1
176,1989,2,1,1,0,1
1765,2001,3,1,1,0,1
1774,2001,2,1,1,0,1
1777,2001,2,1,1,0,1
1779,2001,2,1,1,0,1
1779,2002,2.25,4,4,0,2
1779,2006,3.25,4,4,0,2
178,1989,2,1,1,0,1
1791,2001,2,1,1,0,1
1796,2001,4,2,2,0,1
18,1989,2,1,1,0,2
18,1990,2.6666666666666665,3,3,0,2
18,1994,3,2,2,0,1
18,1995,4,1,1,0,1
18,1996,3.25,4,4,0,2
18,1997,2.3333333333333335,3,3,0,2
1803,2001,2,1,1,0,1
1804,2001,2,1,1,0,1
1818,2001,2,3,3,0,1
1825,2001,2,2,2,0,1
1829,2001,2,2,2,0,1
1829,2002,4,4,4,0,1
1829,2017,2.090909090909091,11,10,NA,NA
183,1996,3.4,10,10,0,3
1832,2001,2.6666666666666665,3,3,0,1
184,1989,3,1,1,0,1
184,1990,3.75,4,4,0,3
186,1989,3,1,1,0,1
186,1990,2,2,2,0,2
189,1989,3.5,2,2,0,1
1904,2006,4,3,3,0,3
1904,2016,2,5,4,NA,NA
1907,2002,3,1,1,0,1
1917,2002,3,2,2,0,2
1919,2002,2,1,1,0,1
1924,2002,2,1,1,0,1
1929,2002,2.2857142857142856,7,7,0,4
1929,2011,2,3,3,0,1
1930,2002,2.7777777777777777,9,9,0,3
1932,2002,2,1,1,0,1
1939,2002,3.5,2,2,0,1
1942,2002,3,2,2,0,1
1943,2002,3,2,2,0,1
1946,2002,3.8,5,5,0,2
195,1989,4,1,1,0,1
1956,2002,2,1,1,0,1
1957,2002,3.3333333333333335,3,3,0,1
1959,2002,4,2,2,0,1
1960,2002,2,1,1,0,1
1961,2002,2,2,2,0,1
1962,2002,4.5,2,2,0,1
1964,2002,3,1,1,0,1
1966,2002,2.6666666666666665,6,6,0,2
1967,2002,2,1,1,0,2
1968,2002,2,1,1,0,1
197,1989,2,1,1,0,1
1971,2002,2,1,1,0,1
1978,2002,2.4,5,5,0,2
1980,2002,4,1,1,0,1
1981,2002,2,1,1,0,1
1987,2002,2,1,1,0,1
2,1989,3.4,5,5,0,4
2000,2002,3,4,4,0,1
2008,2002,2.5,4,4,0,1
2010,2002,3.1666666666666665,6,6,0,1
2013,2002,2,1,1,0,1
2014,2002,2.2222222222222223,9,9,0,1
2019,2002,3,7,7,0,2
2020,2002,2,3,3,0,1
2025,2002,2,1,1,0,1
2028,2002,3.2,5,5,0,2
2028,2011,2.25,4,4,0,6
2028,2015,2,1,1,0,1
2029,2002,4,2,2,0,1
2030,2002,3.5,2,2,0,1
2032,2002,2,2,2,0,1
2033,2002,2,3,3,0,1
2034,2002,2,1,1,0,2
2036,2002,2,1,1,0,1
2038,2002,2,2,2,0,1
2040,2002,3.2222222222222223,9,9,0,1
2041,2002,3.0833333333333335,12,12,0,2
2042,2002,2.2222222222222223,9,9,0,1
2048,2002,4.333333333333333,3,3,0,1
2048,2015,2.6666666666666665,3,3,0.6666666666666666,3
2048,2016,2.6666666666666665,6,4,0,1
2049,2002,3.5,2,2,0,1
2052,2002,2,1,1,0,1
2062,2002,4.333333333333333,3,3,0,2
207,1989,2,1,1,0,1
2077,2002,3,1,1,0,1
208,1990,5,2,2,0,1
2081,2002,2,1,1,0,1
2089,2002,3.4,5,5,0,1
2090,2002,3,7,7,0,1
2096,2002,3,1,1,0,1
2097,2002,2,1,1,0,1
21,1989,3.5,2,2,0,2
2101,2002,2,1,1,0,1
2102,1999,9,1,1,0,1
2102,2002,2.5,4,4,0,1
2102,2003,2,1,1,0,1
2102,2011,2.5,2,2,0,2
2102,2013,3,2,1,0,1
2103,2002,3,1,1,0,1
2104,2002,3,1,1,0,1
2106,2002,2,1,1,0,1
2107,2002,2,1,1,0,1
2107,2003,2.5,2,2,0,1
2109,2002,2.6666666666666665,3,3,0,1
2110,2002,4,1,1,0,1
2112,2002,2,1,1,0,1
2116,2002,2,1,1,0,1
213,1990,4.5,4,4,0,3
213,2001,2.5,2,2,0,2
213,2002,2.4285714285714284,7,7,0,5
2130,2002,3,1,1,0,1
2135,2002,3,1,1,0,1
2137,2002,3,1,1,0,1
2138,2002,2.5,2,2,0,1
2144,2002,2.25,4,4,0,1
215,1989,2,1,1,0,1
2156,2002,2,1,1,0,1
22,1989,2.5,2,2,0,1
22,1990,3,1,1,0,1
222,1994,4,2,2,0,1
222,1998,2,3,3,0,1
2220,2003,3,6,6,0,2
2229,2003,3,1,1,0,1
223,1988,3,1,1,0,1
2232,2003,3,1,1,0,1
2235,2003,3,2,2,0,1
2237,2003,2.5,2,2,0,1
2241,2003,5,1,1,0,1
2246,2003,2,1,1,0,1
2246,2011,2,1,1,0,1
2250,2003,2,1,1,0,1
2252,2003,4,1,1,0,1
2258,2003,2,1,1,0,1
2259,2003,3,1,1,0,1
2263,2003,5,1,1,0,1
235,1990,5,1,1,0,3
235,1993,3.857142857142857,7,7,0,4
235,1994,2,2,2,0,1
237,1990,3.2666666666666666,15,15,0,3
237,1993,2.6666666666666665,3,3,0,1
238,1990,3.4444444444444446,9,9,0,4
24,1989,4.5,2,2,0,1
240,1990,3.5714285714285716,7,7,0,3
242,1988,2,1,1,0,1
244,1988,2,1,1,0,1
245,1988,2,1,1,0,1
25,1989,4.125,8,8,0,3
250,1988,2,1,1,0,1
251,1988,2,1,1,0,1
251,1990,2.923076923076923,13,13,0,3
251,1993,7,2,2,0,2
251,1994,3.25,4,4,0,4
251,1998,2.875,8,8,0,3
251,1999,4.2,5,5,0.33333333333333337,3
251,2002,2.5714285714285716,7,7,0,2
251,2003,3.2,5,5,0,3
26,1989,4.5,2,2,0,2
265,1990,2,1,1,0,1
266,1990,2,1,1,0,1
267,1990,4.166666666666667,6,6,0,6
267,1993,7,2,2,0,4
269,1990,2.5,2,2,0,1
271,1990,2.6,5,5,0,6
273,1990,3.75,4,4,0,3
275,1990,2,1,1,0,1
277,1990,3,4,4,0,3
278,1990,2,1,1,0,1
279,1990,2,1,1,0,1
28,1989,3.2222222222222223,9,9,0,3
28,1990,3.1666666666666665,6,6,0,3
28,1996,3,1,1,0,3
28,1997,3.6,5,5,0,3
28,2001,4,2,2,0,1
28,2002,2.5,2,2,0,2
28,2013,2.6666666666666665,3,3,0,1
280,1990,3,1,1,0,1
281,1990,3,3,3,0,2
282,1990,4.2,5,5,0,3
283,1990,3.3333333333333335,3,3,0,2
285,1990,4.5,2,2,0,2
289,1990,3.75,4,4,0,3
29,1989,5,2,2,0,1
29,1993,6,1,1,0,1
290,1990,3.608695652173913,23,23,0,3
291,1990,3.125,16,16,0,5
293,2001,4.333333333333333,3,3,0,1
293,2002,2.5625,16,16,0.5,2
293,2015,2.25,4,4,0,2
295,1990,4,4,4,0,4
3,1988,3,1,1,0,1
3,1989,2.75,4,4,0,4
3,1990,3.55,20,20,0,4
3,1998,2.5869565217391304,46,46,0,9
3,1999,4.285714285714286,7,7,0,4
3,2001,2.5,4,4,0,1
3,2002,2.75,4,4,0,3
3,2003,2,2,2,0,1
3009,2006,3,8,8,0,3
3009,2010,3,1,1,NA,NA
3009,2011,2,1,1,0,7
3009,2013,2.1818181818181817,11,9,0,3
3009,2016,2.090909090909091,11,9,0,1
3012,2006,3,2,2,0,2
3012,2013,3,3,3,0,3
3012,2016,2,2,2,0,1
3012,2017,2.6666666666666665,3,2,NA,NA
3013,2006,4,1,1,0,1
3016,2011,2,2,2,0,3
3016,2013,2.75,4,3,0.5,2
3024,2006,2,1,1,0,2
3025,2006,2,1,1,0,1
3025,2011,2,7,6,0,4
303,1996,2.5,2,2,0,1
303,1998,2,5,5,0,4
303,2011,3,1,1,0,1
304,1990,4.666666666666667,3,3,0,2
305,1990,4,2,2,0,2
305,1993,2,2,2,0,1
306,1990,2,1,1,1,1
3082,2006,2,1,1,0,1
3085,2006,2,1,1,0,1
3086,2006,2.272727272727273,11,11,0,2
3086,2007,2,1,1,0,1
3086,2010,2,1,1,0,2
3086,2021,2,8,6,NA,NA
3087,2006,2.642857142857143,14,14,0,3
3098,2006,2.2,5,5,0,1
3098,2011,2,1,1,0,1
31,1989,2,1,1,0,1
3101,2006,2,1,1,0,1
3103,2006,2,2,2,0,1
3106,2006,3,1,1,0,1
3108,2006,2.5,2,2,0,1
313,1990,3.5,4,4,0,2
314,1990,3.090909090909091,11,11,0,8
315,1990,4,1,1,0,2
316,1990,2.2222222222222223,9,9,0,5
317,1990,2.8,5,5,0,4
317,1993,10,1,1,0,1
317,1996,3,2,2,0,2
317,1997,3.5,8,8,0,1
318,1990,2.857142857142857,7,7,0,3
32,1989,3.75,4,4,0,2
32,1990,6,4,4,0,2
32,1994,2,1,1,0,1
320,1990,2.1666666666666665,6,6,0,2
322,1990,2.6666666666666665,3,3,0,1
322,1994,4,1,1,0,1
328,1990,4,1,1,0,2
329,1990,2,3,3,0,3
33,1989,2,1,1,0,1
33,1996,2.25,4,4,0,2
33,1998,3.0434782608695654,23,23,0,8
33,1999,4.4,5,5,0,3
33,2001,4,1,1,0,1
33,2002,3.2,5,5,0,2
33,2003,2.5,4,4,0,1
330,1990,2,1,1,0,2
331,1990,2,1,1,0,1
332,1990,2.5,4,4,0,2
333,1990,3,2,2,0,2
337,1990,3,1,1,0,1
34,1989,2,1,1,0,1
34,1990,3,1,1,0,1
348,1990,2,1,1,0,1
355,1990,3.3333333333333335,3,3,0,2
361,1990,3,1,1,0,1
363,1990,5,2,2,0,1
37,1989,3.4,5,5,0,4
37,1990,4.571428571428571,7,7,0,2
37,1996,3.3,10,10,0,3
37,1997,2.2,5,5,0.5,2
37,1998,2.5714285714285716,7,7,0,4
37,1999,3.857142857142857,14,14,0,7
37,2002,4,6,6,0,3
374,1990,2,2,2,0,1
380,1990,4.5,2,2,0,1
384,1990,3.5,2,2,0,1
385,1990,3.6666666666666665,3,3,0,1
385,1994,5,1,1,0,1
386,1990,5,1,1,0,1
389,1990,3.5,2,2,0,2
39,1989,3.6666666666666665,3,3,0,2
390,1990,2.5,2,2,0,1
390,1994,2,1,1,0,1
390,1995,2.5,4,4,0,1
391,1990,2,2,2,0,1
399,1990,3.6666666666666665,9,9,0,1
40,1989,3.6666666666666665,3,3,0,1
40,1990,6,1,1,0,1
405,1990,2,1,1,0,1
406,1990,3.5714285714285716,7,7,0,3
407,1990,4.25,4,4,0,2
407,1995,4,1,1,1,1
407,1996,2,1,1,0,1
409,1990,7,1,1,0,1
409,1993,2,2,2,0,1
409,1996,4,2,2,0,4
409,1997,2.3333333333333335,6,6,0,4
409,1998,2.9,10,10,0,7
409,2002,2.933333333333333,15,15,0,3
409,2011,2,1,1,0.5,2
409,2016,2.5,2,2,NA,NA
409,2019,2.25,8,7,NA,NA
409,2021,2,10,5,NA,NA
409,2023,2,5,4,NA,NA
41,1989,5,1,1,0,2
4103,2006,3,5,5,0,2
4103,2007,2,1,1,0,1
4103,2011,2,1,1,0,4
4103,2013,2,2,2,0,1
4103,2016,2,3,3,0,1
4103,2017,2,4,4,NA,NA
4103,2019,2,2,2,NA,NA
4104,2007,2,1,1,0,1
4104,2015,2,3,3,0,3
4104,2019,2.5,2,2,NA,NA
4111,2007,2,1,1,0,1
4113,2015,2,1,1,1,3
4113,2016,2.6153846153846154,13,8,1,1
4114,2010,2,2,2,NA,NA
4114,2011,2,2,2,0,4
4116,2007,2,1,1,0,1
4117,2007,2,1,1,0,1
4117,2011,2,2,2,0,4
4118,2007,2,1,1,0,1
4118,2010,2,1,1,0,1
413,1990,4.5,6,6,0,2
413,1996,3.7142857142857144,7,7,0,2
413,1997,2.25,8,8,0,3
413,1998,2.9166666666666665,12,12,0,8
413,1999,5.5,8,8,0,6
413,2002,4,4,4,0,3
418,1990,2.5,8,8,0,1
418,1991,2,1,1,0,1
418,1993,2,1,1,0,1
42,1989,2,1,1,0,1
420,1990,2.857142857142857,7,7,0,2
4203,2010,4,1,1,0,2
4203,2011,2,4,4,0,2
4203,2015,2,3,1,0,1
4203,2019,2,2,2,NA,NA
4203,2023,2,3,1,NA,NA
4206,2008,2,1,1,NA,NA
4206,2010,2,1,1,NA,NA
4206,2011,2,2,2,0,4
4207,2008,2,1,1,0,1
4208,2008,2,1,1,0,1
425,1990,3,5,5,0,2
427,1990,3.2222222222222223,9,9,0,3
43,1988,3,1,1,0,1
43,1989,2,1,1,0,2
43,1990,2,1,1,0,1
432,1990,4,10,10,0,2
432,1993,3,3,3,0,3
433,1990,3.4,10,10,0.5,2
433,1993,3,1,1,0,1
435,1990,3.25,8,8,0,2
436,1990,5.333333333333333,3,3,0,2
437,1990,4.666666666666667,3,3,0,1
440,1990,2.857142857142857,7,7,0,4
448,1990,7,1,1,0,1
449,1990,3.142857142857143,7,7,0,3
45,1989,2.6666666666666665,3,3,0,2
45,1990,3.4,15,15,0,6
45,1993,3,5,5,0,2
45,1994,3.125,8,8,0,1
45,1996,2.6666666666666665,9,9,0,7
45,1997,2.2666666666666666,15,15,0,7
45,1998,2.85,40,40,0,11
45,1999,5.142857142857143,7,7,0,5
45,2002,2.75,8,8,0,1
45,2003,3.111111111111111,9,9,0,4
45,2011,2,2,2,0.5,2
45,2013,2.6,5,4,0,3
45,2015,2,3,3,1,1
45,2016,2.25,20,17,0,1
45,2019,2,2,1,NA,NA
450,1990,2,2,2,0,1
4513,2011,2,1,1,0,4
4513,2015,2,2,2,0,3
4513,2023,2,6,4,NA,NA
4514,2010,2,1,1,NA,NA
4514,2011,2,2,2,0,4
452,1990,8,1,1,0,1
453,1990,3,1,1,0,1
46,1989,3,4,4,0,3
46,1990,2,1,1,0,1
461,1990,2.5,2,2,0,1
462,1990,3,3,3,0,2
464,1990,2.5,2,2,0,1
465,1990,3,1,1,0,1
466,1990,3.5,2,2,0,1
466,1996,2.2,5,5,0,3
467,1990,4,1,1,0,1
468,1990,4,1,1,0,1
47,1989,3.1666666666666665,6,6,0,3
47,1990,3,6,6,0,3
470,1990,3,1,1,0,1
473,1990,3.5,2,2,0,1
477,1990,2,2,2,0,1
478,1990,2,1,1,0,1
479,1990,3.5,2,2,0,1
480,1990,2.5,2,2,0,1
480,1996,2,1,1,0,1
480,1997,3,2,2,0,2
480,1998,3,1,1,0,1
480,1999,3.2,5,5,0,3
480,2001,2.6666666666666665,3,3,0,2
480,2002,2.8333333333333335,6,6,0,1
480,2003,2.5,2,2,0,1
480,2011,2,1,1,0.16666666666666666,6
483,1990,2.5,2,2,0,1
484,1990,3,1,1,0,1
488,1990,5,1,1,0,1
49,1989,2,2,2,0,2
494,1990,3,2,2,0,2
496,1990,5.666666666666667,3,3,0,2
498,1990,4.666666666666667,3,3,0,1
5,1989,2.142857142857143,7,7,0,6
5,1990,6,1,1,0,1
5,1993,6,2,2,0,2
5,2001,2.25,4,4,0,2
50,1989,3.25,4,4,0,2
5001,2011,2,4,4,0,2
5001,2015,2,1,1,0,1
5001,2016,2,4,3,0,1
5002,2015,2,5,5,0,6
5003,2010,2,2,2,0,5
5003,2011,2,3,2,0,5
5003,2016,2.8333333333333335,6,6,0,1
5003,2019,2,1,1,NA,NA
5003,2023,3.5,2,2,NA,NA
5009,2010,2.1666666666666665,6,6,0,1
5009,2011,2.3333333333333335,3,3,0,3
5009,2013,2.625,8,6,0,3
501,1990,4,2,2,0,2
5011,2011,2,2,2,0,2
5015,2011,2.25,4,4,0,2
5016,2011,2.3333333333333335,3,3,0,2
5018,2011,2,6,6,0,8
5018,2016,2.2857142857142856,14,13,0,1
5018,2019,2.2,10,10,NA,NA
5019,2011,2,2,2,0,8
5019,2016,2,4,4,NA,NA
5019,2019,3,1,1,NA,NA
5021,2011,2,1,1,0,4
5024,2011,2,1,1,0,2
5024,2015,2,2,2,0,3
5024,2016,2.5,6,4,NA,NA
5025,2011,2.5,4,4,0,5
5025,2016,2,8,7,NA,NA
5027,2011,2.6666666666666665,3,3,0,5
5027,2013,2,1,1,0,1
5028,2011,2,7,6,0,5
5029,2010,2,1,1,0,3
5029,2011,2,2,2,0,5
5029,2015,2,1,1,0,2
5029,2016,2,11,9,NA,NA
5031,2010,2,2,2,0,5
5032,2010,2.142857142857143,7,7,0,3
5033,2010,2,3,3,0,5
5035,2010,2,2,2,0,2
5035,2015,2,1,1,0,2
5035,2019,2.5,6,4,NA,NA
5036,2010,2,1,1,0,3
5036,2011,2,2,2,0,3
5036,2013,2,3,3,0,1
5036,2016,2.8,10,7,0,1
5036,2019,2,1,1,NA,NA
504,1990,2,2,2,0,1
5044,2010,2,1,1,0,4
5049,2011,2,1,1,0,5
5052,2011,2.3076923076923075,13,11,0.2,5
5053,2011,2,2,2,0,2
5059,2011,2,2,2,0,4
5059,2015,2.4285714285714284,7,6,0,4
5059,2016,2,2,1,NA,NA
5059,2019,2,1,1,NA,NA
506,1993,3.25,4,4,0,1
5061,2011,2,1,1,0,4
5061,2015,2.2,25,18,0.16666666666666669,6
5061,2016,2,1,1,0,1
5063,2011,2,1,1,0,1
5064,2016,2.1515151515151514,33,28,NA,NA
5064,2021,2.2,10,8,NA,NA
5064,2023,2.2,5,3,NA,NA
5065,2011,2,2,2,0,4
5067,2010,2,6,6,0,6
5067,2016,2,1,1,0,1
5067,2017,2,2,2,NA,NA
5067,2019,2,1,1,NA,NA
5067,2023,2,1,1,NA,NA
5068,2011,2,1,1,0,5
5068,2015,3,6,5,0,5
5068,2016,2,4,3,0,1
5068,2019,2,2,1,NA,NA
5068,2023,3.25,4,3,NA,NA
5069,2010,2,2,2,NA,NA
5069,2011,2,4,4,0,5
507,1993,2.75,4,4,0,4
507,1996,2,2,2,0,3
507,1997,3.625,8,8,0,2
507,2001,2,1,1,0,1
5071,2011,2,3,3,0,6
5071,2015,4,2,2,0,1
5071,2016,2.8947368421052633,19,17,0,2
5071,2017,2.3333333333333335,3,3,NA,NA
5075,2010,2,2,2,0,3
5075,2011,2.2,10,8,0,7
5075,2015,2.5,4,4,0,1
5075,2016,2.9047619047619047,21,17,0,2
5078,2010,2,1,1,NA,NA
5078,2013,2.6666666666666665,3,2,0,2
5078,2016,2.6,30,24,0,1
5078,2019,2,2,2,NA,NA
5078,2021,2.3529411764705883,17,11,NA,NA
508,1990,3.6666666666666665,3,3,0,2
508,1994,2,2,2,0,1
5080,2013,2.1666666666666665,6,4,0,3
5080,2015,2,5,4,0.25,4
5080,2016,2.7,10,7,0,1
5081,2011,2,2,2,0,2
5088,2010,2,2,2,NA,NA
509,1990,3.6666666666666665,3,3,0,2
509,1997,2,2,2,0,1
5092,2015,2,2,2,0,1
5092,2019,2.5,6,4,NA,NA
5099,2011,2,2,1,0,3
51,1989,5,1,1,0,1
51,1990,4.444444444444445,9,9,0,3
510,1990,2,1,1,0,1
5103,2011,2,1,1,0,1
5104,2011,2.5,2,2,0,2
5104,2013,2,1,1,0,1
5104,2015,2,1,1,0,1
5104,2016,2,10,8,NA,NA
5106,2010,2,1,1,NA,NA
5106,2011,2,1,1,0,3
5108,2011,2.272727272727273,11,10,0,2
5108,2016,2,2,2,NA,NA
5108,2021,2,12,10,NA,NA
5108,2023,2,5,5,NA,NA
5109,2011,2.5,4,3,0,2
5109,2015,2.3636363636363638,11,8,0,3
5109,2019,2.6666666666666665,3,2,NA,NA
5109,2021,2.1666666666666665,6,6,NA,NA
5110,2011,2,2,2,0,2
5111,2011,2,1,1,0,2
5111,2016,2,2,2,NA,NA
5111,2019,2.4285714285714284,7,7,NA,NA
5111,2021,2.6666666666666665,3,2,NA,NA
5112,2010,2,3,3,0,2
5112,2011,2.25,4,4,0,2
5113,2010,2,1,1,0,3
5113,2011,2.2,5,5,0,2
5114,2011,3,3,3,0,2
5114,2015,2,2,2,0,1
5114,2016,3,1,1,0,1
5114,2019,3,1,1,NA,NA
5114,2021,2,3,3,NA,NA
5114,2023,2,2,2,NA,NA
5115,2011,2.5,6,6,0,1
5116,2011,2,2,2,1,1
5117,2011,2.5,4,3,1,2
5123,2011,2.3333333333333335,3,3,0,2
5124,2011,2,3,2,0,1
5125,2011,3,1,1,0,2
5126,2011,2,1,1,0,2
5127,2011,2,1,1,0,5
5127,2015,4,1,1,0,1
5127,2016,2,1,1,NA,NA
5128,2011,2,2,1,0,2
5129,2011,2,4,4,0,2
5132,2011,2,1,1,0,1
5132,2016,2,5,5,NA,NA
5132,2019,2,4,4,NA,NA
5132,2021,2,3,3,NA,NA
5133,2011,2,1,1,0,2
5135,2011,2,1,1,0,2
5137,2010,2,1,1,NA,NA
5137,2011,2,1,1,0,2
5142,2011,2,1,1,0,1
5144,2010,2,1,1,NA,NA
5144,2011,3,3,3,0,2
5144,2016,2.4,5,5,NA,NA
5145,2011,2,1,1,0,2
5146,2011,2,1,1,0,3
5150,2011,3,1,1,0,2
5158,2010,2,2,2,0,2
5158,2011,2,2,2,0,6
5158,2016,2.625,8,6,0,1
5158,2017,2,3,3,NA,NA
5159,2016,2,7,7,0,1
5159,2017,2,8,6,NA,NA
5161,2010,2,1,1,0,2
5161,2011,2,2,2,0,2
5165,2013,2.2,5,5,0,2
5165,2016,2,8,7,0,1
5165,2017,2.142857142857143,7,5,NA,NA
5172,2011,2,3,3,0,2
518,1990,2.75,4,4,0.5,2
518,1998,2.3333333333333335,6,6,0,4
5180,2011,2,1,1,0,1
5183,2011,2,1,1,0,1
5184,2010,2,1,1,0,3
5185,2011,2.3333333333333335,3,3,0,1
5191,2011,2,1,1,0,1
5194,2011,2,3,3,0,1
5194,2016,2.4782608695652173,23,18,0.5,2
5194,2019,2,8,7,NA,NA
5194,2021,2.125,8,7,NA,NA
5199,2011,2,3,3,0,1
5199,2021,2.5,2,2,NA,NA
5199,2023,2.142857142857143,7,6,NA,NA
52,1989,5,1,1,0,2
5201,2011,2,1,1,0,1
5206,2011,2,2,2,0,1
5206,2015,2,3,2,0.2,5
5206,2017,2,3,2,NA,NA
5206,2019,2.5,2,2,NA,NA
5208,2011,2,1,1,0,1
5217,2011,2,5,4,0,2
5223,2010,2.6666666666666665,6,5,0.33333333333333337,3
5229,2011,2,1,1,0,1
5229,2013,2,1,1,0,2
531,1990,2,2,2,0,3
531,1993,2.5,2,2,0,2
531,1994,2.6363636363636362,11,11,0,4
531,1995,3,2,2,0,1
531,1996,2.2,5,5,0,6
531,1999,4.538461538461538,13,13,0,5
531,2001,3.75,4,4,0,1
531,2002,2,1,1,0,1
531,2006,2,1,1,0,1
531,2015,2,2,2,0.33333333333333337,3
532,1990,2,1,1,0,1
537,1990,2,2,2,0,1
54,1989,3,1,1,0,2
54,1990,2.3333333333333335,3,3,0,2
54,1993,3.3333333333333335,3,3,0.5,2
54,1995,3,2,2,0,1
54,1997,2.4761904761904763,21,21,0.4,5
54,1998,2.5833333333333335,12,12,1,5
54,1999,3.7142857142857144,7,7,0,3
54,2003,2,1,1,1,1
54,2011,2,1,1,1,1
54,2015,2.3333333333333335,3,2,0,2
54,2016,2.8043478260869565,46,33,1,2
54,2019,2.125,8,8,NA,NA
544,1990,2,1,1,0,1
547,1990,4,1,1,0,1
549,1990,2,1,1,0,1
549,1994,3.5,2,2,0,3
549,1996,2.6,5,5,0,4
549,1998,2.8333333333333335,6,6,0,1
549,1999,4.714285714285714,7,7,0,4
549,2002,2.4,5,5,0,2
554,1990,6,1,1,0,1
555,1990,3,1,1,0,1
558,1990,6,1,1,0,1
56,2006,2.6666666666666665,6,6,0,2
561,1990,6,1,1,0,1
562,1990,6,1,1,0,1
563,1990,6,1,1,0,1
57,1990,4.6,5,5,0,3
57,1996,2,1,1,0,1
57,2001,2.4,5,5,0,2
572,1991,2,1,1,0,1
59,1990,4.333333333333333,12,12,0,4
59,1997,7,1,1,0,1
5910,2010,2,1,1,1,1
5919,2010,3,1,1,0,2
5926,2010,2,1,1,0,1
5963,2013,2,1,1,0,2
6,1989,3,1,1,0,2
6000,2013,2,3,3,0,2
6001,2013,3,2,2,0,1
6002,2016,2,3,2,0,1
6003,2016,2.4444444444444446,18,16,NA,NA
6003,2019,2.5833333333333335,12,10,NA,NA
6004,2013,2,1,1,0,1
6006,2013,2.5,2,2,0,1
6008,2013,2,1,1,NA,NA
6008,2019,2.25,4,3,NA,NA
6010,2013,2,1,1,NA,NA
6010,2015,2,2,2,0,2
6010,2016,2,3,3,NA,NA
6011,2013,2.5,2,2,0,2
6012,2013,3,1,1,NA,NA
6014,2013,3,1,1,0,1
6015,2013,2,2,2,0,2
6016,2013,2,4,4,0,1
6016,2016,2.2142857142857144,14,11,0,1
6016,2017,2,2,1,NA,NA
6017,2013,2.6666666666666665,3,3,0,1
6018,2013,2.5,2,2,0,1
6021,2013,2,1,1,0,2
6021,2019,2.75,4,2,NA,NA
6021,2021,2,2,1,NA,NA
6022,2013,2,1,1,0,1
6022,2015,2,2,2,0,3
6022,2016,2,3,3,NA,NA
6022,2023,3,2,1,NA,NA
6024,2013,2,1,1,0,2
6024,2023,4,1,1,NA,NA
6025,2013,2.3333333333333335,3,3,0,1
6025,2016,2.25,4,3,0,1
6025,2017,2,5,4,NA,NA
6026,2015,2,6,5,0,4
6026,2019,2.5294117647058822,17,13,NA,NA
6026,2021,2,3,3,NA,NA
6027,2015,2,1,1,0,2
6027,2017,2,1,1,NA,NA
6031,2013,2,2,2,0,3
6034,2013,3,2,2,0,1
6035,2013,2,1,1,NA,NA
604,1993,2,2,2,0,1
605,1993,2,1,1,0,1
606,1993,2,1,1,0,1
606,1997,2.5,2,2,0,1
606,2001,5,1,1,0,1
606,2002,3,7,7,0,1
606,2003,2.6666666666666665,3,3,0,1
606,2010,2.4545454545454546,11,8,0,2
606,2013,3,4,3,0,1
607,1993,4,1,1,0,1
61,1989,3,9,9,0,3
61,1990,3.8333333333333335,6,6,0,4
61,1993,6.5,2,2,0,2
6102,2015,2.4,5,4,0,2
6102,2016,2,2,2,NA,NA
6102,2019,2.7142857142857144,7,6,NA,NA
6102,2021,2,4,3,NA,NA
6103,2015,2,2,2,0,1
6104,2015,2,2,2,0,3
6104,2019,2,1,1,NA,NA
6104,2023,2.5,2,2,NA,NA
6105,2016,2.1153846153846154,26,21,NA,NA
6105,2019,2,3,3,NA,NA
6105,2021,2,10,8,NA,NA
6106,2016,2,1,1,NA,NA
6107,2015,2,1,1,0,2
6108,2015,2,1,1,0,1
6108,2016,2,1,1,NA,NA
6108,2021,2.4,5,4,NA,NA
6108,2023,2.4285714285714284,14,9,NA,NA
6109,2015,2,1,1,0,1
6110,2015,2,2,2,0,2
6112,2015,2,2,2,0,2
6112,2016,3.2857142857142856,7,5,0,1
6112,2023,4,1,1,NA,NA
6113,2015,2,1,1,0,1
6113,2016,2.0526315789473686,19,16,NA,NA
6113,2021,2,3,2,NA,NA
6115,2015,2,3,3,0,4
6115,2016,2.375,8,7,0,1
6115,2019,2.4285714285714284,7,6,NA,NA
6115,2021,2.6666666666666665,3,3,NA,NA
6115,2023,2,4,4,NA,NA
6116,2015,2,2,2,0,2
6117,2015,2,2,2,0,3
6118,2015,2.1666666666666665,6,6,0,2
6119,2015,2.25,4,4,0,2
6120,2019,2.5,2,2,NA,NA
6122,2015,2,3,2,0,3
6122,2019,2.5555555555555554,9,8,NA,NA
6122,2021,2,5,3,NA,NA
6123,2016,2,5,5,NA,NA
6123,2019,2.5555555555555554,9,7,NA,NA
6124,2015,2,1,1,0,2
6125,2015,2,1,1,0,1
6126,2015,2,3,3,0,3
6127,2015,2.3333333333333335,9,7,0.2,5
6128,2015,2.1666666666666665,12,9,0,4
6128,2016,2.823529411764706,17,15,0,2
6129,2015,2,4,3,0,3
6129,2019,2,1,1,NA,NA
613,1993,2,1,1,0,1
6130,2015,2,6,4,0.25,4
6130,2016,2.1818181818181817,11,7,NA,NA
6130,2019,2.3333333333333335,12,10,NA,NA
6130,2021,2.8333333333333335,6,6,NA,NA
6131,2015,2,2,1,0,2
6132,2015,2,1,1,0,1
6133,2015,3,2,1,0,2
6133,2016,2.375,8,7,0,1
6134,2015,2,3,3,0,1
6134,2021,2,2,2,NA,NA
6135,2015,2,1,1,0,2
6138,2021,2.3333333333333335,3,3,NA,NA
6139,2015,2.3333333333333335,3,2,0,2
6139,2019,2.5555555555555554,9,7,NA,NA
6140,2016,2,4,4,NA,NA
6140,2021,2,2,2,NA,NA
6140,2023,2.5,6,5,NA,NA
6141,2016,2,1,1,NA,NA
6141,2021,2.25,12,10,NA,NA
6141,2023,2,4,3,NA,NA
6142,2016,2.24,25,16,NA,NA
6142,2019,2,1,1,NA,NA
6142,2021,2.1818181818181817,11,7,NA,NA
6143,2016,2,1,1,NA,NA
6144,2016,2,3,3,NA,NA
6145,2019,2,2,2,NA,NA
6145,2023,2,9,6,NA,NA
6146,2015,2,2,1,0,1
6147,2015,2,1,1,0,1
6147,2016,3.0952380952380953,21,16,0,2
6148,2015,2.25,4,4,0,3
6150,2015,2,1,1,0.33333333333333337,3
6150,2016,2,1,1,0,1
6151,2019,2,1,1,NA,NA
6153,2015,2,1,1,0,1
6153,2016,2,1,1,NA,NA
6153,2021,2.2857142857142856,7,6,NA,NA
6153,2023,2.375,8,8,NA,NA
6154,2015,2,3,3,0,1
6155,2015,2.5,4,4,0,1
6156,2015,2,3,3,0,1
6156,2016,2.7142857142857144,7,5,0,1
6156,2019,2,8,6,NA,NA
6156,2021,2,8,7,NA,NA
6158,2015,2,1,1,0,4
6159,2015,2,6,6,0,3
6160,2015,2,2,2,0,2
6161,2015,2,1,1,0,2
6161,2016,3.25,4,3,NA,NA
6162,2015,2,5,4,0,4
6164,2015,2,2,2,0,1
6167,2015,2,3,3,0.6666666666666666,3
6168,2015,2,3,2,0,2
617,1993,4,1,1,0,1
617,1996,3.4285714285714284,7,7,1,4
6170,2015,2.25,4,4,0,3
6171,2019,2,7,4,NA,NA
6172,2015,2,2,2,0.25,4
6172,2016,2.2222222222222223,9,8,0,2
6173,2015,3,2,1,0,1
6173,2016,2,2,2,0,1
6175,2015,2.5,6,5,1,1
6176,2015,2.375,8,7,0,1
6177,2015,2,2,2,0,1
6178,2015,2,2,1,0,2
6178,2016,2,7,6,NA,NA
6178,2021,2,1,1,NA,NA
6178,2023,2.5,8,7,NA,NA
618,1993,4,1,1,0,1
6180,2015,2,1,1,0,1
6181,2015,2,1,1,0,1
6182,2015,2,1,1,0,2
6182,2023,2,4,4,NA,NA
6185,2015,2,1,1,0,1
6189,2015,2.3333333333333335,6,4,0,1
619,1993,4,2,2,0,1
619,1997,2.3333333333333335,12,12,0.5,2
62,1989,2.3333333333333335,3,3,0,2
6201,2016,2,2,2,0,1
6201,2019,2.3333333333333335,3,3,NA,NA
6201,2021,2,2,2,NA,NA
6203,2016,2,11,8,0,1
6203,2021,2,1,1,NA,NA
6203,2023,2.3333333333333335,3,3,NA,NA
6205,2016,2,1,1,0,2
6206,2016,2.652173913043478,23,18,0,1
6207,2016,2.7777777777777777,9,7,0,1
6208,2016,3.25,8,5,0,1
6208,2021,2,1,1,NA,NA
6209,2016,3,9,9,0,1
6210,2016,2.4210526315789473,19,15,NA,NA
6210,2019,2.3333333333333335,6,6,NA,NA
6210,2021,2,5,4,NA,NA
6210,2023,2.5555555555555554,9,6,NA,NA
6211,2016,2,4,3,NA,NA
6211,2023,2,2,2,NA,NA
6212,2016,2.25,4,3,NA,NA
6213,2016,2.111111111111111,9,7,NA,NA
6214,2016,2,2,2,NA,NA
6215,2016,2,4,3,NA,NA
6215,2019,2.142857142857143,7,5,NA,NA
6215,2023,2.6923076923076925,13,11,NA,NA
6216,2016,2.25,8,6,NA,NA
6217,2016,2,7,5,NA,NA
6220,2023,2.5384615384615383,13,8,NA,NA
6221,2016,3,1,1,NA,NA
6222,2016,2,6,5,0,1
6224,2016,2,1,1,0,1
6224,2019,3,1,1,NA,NA
6227,2016,2.2857142857142856,7,5,NA,NA
6228,2016,2,2,2,NA,NA
6229,2016,2,1,1,NA,NA
623,1993,4,2,2,0,1
6230,2016,3,1,1,0,1
6231,2016,2.875,8,6,NA,NA
6231,2019,2,3,3,NA,NA
6231,2021,2,1,1,NA,NA
6232,2016,2,1,1,0,1
6232,2017,2,2,2,NA,NA
6233,2016,2,3,3,0,1
6233,2017,2,7,5,NA,NA
6234,2016,2.75,4,4,0,1
6235,2016,2,5,4,0,1
6235,2019,2.25,8,7,NA,NA
6235,2023,2.1818181818181817,11,8,NA,NA
6236,2016,2,8,8,NA,NA
6237,2016,2,2,1,NA,NA
6237,2021,2.2,5,4,NA,NA
6239,2016,2.2857142857142856,7,7,NA,NA
6239,2019,2,4,3,NA,NA
6239,2021,2.2,5,5,NA,NA
624,1993,4,2,2,0,2
624,1994,2.5,2,2,0,1
624,1996,2,1,1,0,1
624,1997,3.5,2,2,0,1
624,1999,5.25,4,4,0,3
6240,2016,2.111111111111111,9,8,NA,NA
6241,2016,2,1,1,NA,NA
6242,2016,2,1,1,0,2
6242,2019,2.25,4,3,NA,NA
6243,2016,2.5,8,6,NA,NA
6244,2016,2,3,3,NA,NA
6245,2016,2.2857142857142856,7,6,NA,NA
6246,2019,2.230769230769231,13,12,NA,NA
6246,2021,2.5,8,8,NA,NA
6246,2023,2.25,4,4,NA,NA
625,1993,6,1,1,0,1
6253,2016,2,4,3,NA,NA
6254,2016,2,5,5,NA,NA
6254,2019,2,3,3,NA,NA
6254,2023,2.4,10,9,NA,NA
6255,2016,2,1,1,NA,NA
6256,2016,2.6666666666666665,6,5,NA,NA
6257,2017,2.3333333333333335,6,3,NA,NA
626,1993,6,1,1,0,1
629,1993,2.5,6,6,0,6
629,1994,2,2,2,0,1
63,1989,3.5,4,4,0,3
63,1990,4,3,3,0,3
6302,2017,2,2,2,NA,NA
6302,2023,2.1,10,7,NA,NA
633,1993,2.25,4,4,0,3
633,1994,4,1,1,0,1
633,1995,2,1,1,0,1
633,1996,2,1,1,0,2
635,1993,2,2,2,0,1
64,1990,3,2,2,0,2
6400,2021,2,2,1,NA,NA
6400,2023,2.5,2,2,NA,NA
6401,2019,2,1,1,NA,NA
6401,2021,2.6666666666666665,3,3,NA,NA
6402,2019,2.3333333333333335,3,3,NA,NA
6405,2019,2,2,1,NA,NA
6406,2019,2,3,2,NA,NA
6407,2019,2.3333333333333335,3,3,NA,NA
6408,2019,2,2,2,NA,NA
6409,2019,2.5,2,2,NA,NA
6410,2019,3,1,1,NA,NA
6411,2019,2,2,1,NA,NA
6413,2019,2,2,2,NA,NA
6415,2019,2.7333333333333334,15,11,NA,NA
6415,2021,2.0714285714285716,14,12,NA,NA
6415,2023,2.2962962962962963,27,21,NA,NA
6416,2019,2,3,3,NA,NA
6417,2019,2.75,4,2,NA,NA
6417,2023,2,4,2,NA,NA
6418,2019,2,3,2,NA,NA
6419,2019,2,3,3,NA,NA
642,1993,2,2,2,0,2
6420,2019,2,3,3,NA,NA
6421,2019,2,2,1,NA,NA
6421,2023,2,6,5,NA,NA
6423,2019,2.5555555555555554,9,7,NA,NA
6426,2019,2,2,1,NA,NA
6426,2021,3.3333333333333335,3,2,NA,NA
6427,2019,2,1,1,NA,NA
6427,2021,2,5,2,NA,NA
6428,2019,2,3,2,NA,NA
6429,2019,2.8333333333333335,6,4,NA,NA
6432,2019,2,1,1,NA,NA
6436,2019,3,2,1,NA,NA
6437,2019,2,3,2,NA,NA
6437,2023,2.7333333333333334,15,15,NA,NA
6439,2019,2,2,2,NA,NA
644,1993,6.5,2,2,0,2
6440,2019,2,2,2,NA,NA
6440,2023,2.3125,16,13,NA,NA
6441,2019,2,4,3,NA,NA
6441,2021,2.2,10,8,NA,NA
6441,2023,2.5,4,3,NA,NA
6442,2019,2.6,5,3,NA,NA
6442,2021,2,1,1,NA,NA
6443,2019,2,1,1,NA,NA
6445,2019,2,1,1,NA,NA
6445,2021,2,1,1,NA,NA
6446,2019,2.5,6,6,NA,NA
6447,2019,2,1,1,NA,NA
6447,2023,2.142857142857143,14,13,NA,NA
6448,2019,3,6,6,NA,NA
6448,2021,2.076923076923077,13,10,NA,NA
6448,2023,2,4,3,NA,NA
6450,2019,2,1,1,NA,NA
6450,2021,2.142857142857143,7,6,NA,NA
6451,2019,2,2,1,NA,NA
6453,2019,2,2,2,NA,NA
6454,2019,2,1,1,NA,NA
6455,2019,2,1,1,NA,NA
6457,2019,2,3,2,NA,NA
6457,2021,2.5,2,2,NA,NA
649,1993,10,1,1,0,1
649,1996,3.8,5,5,0,2
649,2002,3.2,5,5,0,3
650,1993,10,1,1,0,1
6501,2021,2,1,1,NA,NA
6502,2021,2,4,4,NA,NA
6502,2023,2,4,4,NA,NA
6503,2021,2,4,2,NA,NA
6506,2021,2,2,2,NA,NA
6508,2021,2.4444444444444446,9,8,NA,NA
6512,2021,2,6,5,NA,NA
6512,2023,2,2,2,NA,NA
6513,2021,2,1,1,NA,NA
6514,2021,2,1,1,NA,NA
6514,2023,2,3,2,NA,NA
6515,2021,2.3333333333333335,6,5,NA,NA
6515,2023,2.0833333333333335,12,7,NA,NA
6516,2021,2,7,5,NA,NA
6516,2023,2.2777777777777777,18,17,NA,NA
6517,2021,2.5,6,5,NA,NA
6518,2021,2.25,4,4,NA,NA
6519,2021,2,2,2,NA,NA
6519,2023,2,9,7,NA,NA
6521,2023,2.2,5,5,NA,NA
6522,2021,2.3333333333333335,3,3,NA,NA
6523,2021,2,1,1,NA,NA
6524,2021,2,1,1,NA,NA
6525,2021,2.142857142857143,7,6,NA,NA
6526,2023,2,2,2,NA,NA
6527,2023,2.1538461538461537,13,9,NA,NA
6528,2021,2,4,3,NA,NA
6529,2021,2,2,2,NA,NA
653,1993,10,1,1,0,1
653,1994,2.5,2,2,0,2
653,1996,4,1,1,0,2
653,1998,3,13,13,0,4
653,1999,5.5,10,10,0,6
653,2001,2,1,1,0,1
6530,2021,2,1,1,NA,NA
6531,2021,2,7,6,NA,NA
6531,2023,2,5,4,NA,NA
6532,2021,2.25,4,4,NA,NA
6533,2021,2,1,1,NA,NA
6534,2021,2,1,1,NA,NA
6535,2021,2,2,2,NA,NA
6536,2021,2,2,2,NA,NA
6537,2021,2,5,3,NA,NA
6539,2021,2.3333333333333335,3,3,NA,NA
654,1993,3,2,2,0,1
6540,2023,2.111111111111111,9,6,NA,NA
6541,2021,2.5,8,6,NA,NA
6541,2023,2.4761904761904763,21,13,NA,NA
6542,2021,2.1666666666666665,6,5,NA,NA
6542,2023,2.7,10,9,NA,NA
6543,2021,2,4,3,NA,NA
6543,2023,2,3,2,NA,NA
6544,2021,2,1,1,NA,NA
6545,2021,2,5,4,NA,NA
6546,2021,2,1,1,NA,NA
6547,2021,2.4,5,3,NA,NA
6549,2021,2.6666666666666665,3,2,NA,NA
6549,2023,2.823529411764706,17,13,NA,NA
6550,2021,2,1,1,NA,NA
6553,2021,2.142857142857143,7,7,NA,NA
6553,2023,2,2,2,NA,NA
6555,2021,3,2,2,NA,NA
6555,2023,2.1818181818181817,22,18,NA,NA
6556,2023,2.3333333333333335,3,3,NA,NA
6561,2021,2,1,1,NA,NA
6561,2023,2,6,5,NA,NA
6563,2021,2,1,1,NA,NA
6563,2023,2.5384615384615383,13,10,NA,NA
6564,2021,2,1,1,NA,NA
6566,2023,2.5,4,4,NA,NA
6568,2021,2.3333333333333335,6,6,NA,NA
66,1989,2,1,1,0,1
6600,2023,2.0625,16,11,NA,NA
6601,2023,2.4615384615384617,52,44,NA,NA
6602,2023,2.1875,16,13,NA,NA
6603,2023,2.4827586206896552,29,21,NA,NA
6608,2023,2,21,15,NA,NA
6609,2023,2,10,8,NA,NA
6612,2023,2.2,10,7,NA,NA
6613,2023,2.3333333333333335,12,11,NA,NA
6615,2023,2.5714285714285716,7,6,NA,NA
6616,2023,2.7777777777777777,9,6,NA,NA
6618,2023,2,3,3,NA,NA
6620,2023,2,7,5,NA,NA
6623,2023,2.3157894736842106,19,16,NA,NA
6626,2023,2.15,20,14,NA,NA
6628,2023,3,1,1,NA,NA
6630,2023,2.2857142857142856,7,6,NA,NA
6631,2023,2,1,1,NA,NA
6640,2023,2,3,2,NA,NA
6644,2023,2,1,1,NA,NA
6645,2023,2,2,1,NA,NA
6646,2023,2,4,3,NA,NA
6647,2023,3,4,2,NA,NA
6648,2023,2,1,1,NA,NA
6650,2023,2.2,10,6,NA,NA
6652,2023,2,1,1,NA,NA
6660,2023,2,3,2,NA,NA
6661,2023,2.25,4,4,NA,NA
6668,2023,2,1,1,NA,NA
6669,2023,2.3333333333333335,3,3,NA,NA
667,1993,3,3,3,0,1
6673,2023,2,5,4,NA,NA
668,1993,2,1,1,0,1
6680,2023,2,10,6,NA,NA
6681,2023,2,3,2,NA,NA
67,1989,2.3333333333333335,3,3,0,1
674,1993,2,1,1,0,1
674,1999,3.6666666666666665,6,6,0,4
674,2002,3,3,3,0,2
677,1996,2,1,1,0,1
677,1997,2.75,4,4,0,3
677,1998,3,5,5,0,1
677,2001,4,3,3,0,1
677,2002,3,3,3,0,3
683,1993,2.75,4,4,0,1
687,1993,3,1,1,0,1
688,1993,3,1,1,0,1
69,1989,2,1,1,0,2
690,1993,2.5,2,2,0,1
701,1993,2,2,2,0,1
702,1994,3,1,1,0,1
702,1996,2,1,1,0,1
707,1993,4,1,1,0,2
707,1994,2.5,2,2,0,1
720,1993,4,1,1,0,1
722,1993,2,1,1,0,1
723,1993,3,1,1,0,1
723,1999,7,1,1,0,1
74,1989,2,1,1,0,2
74,1990,2,2,2,0,2
75,1989,2,1,1,0,2
76,1989,3.1666666666666665,6,6,0,2
76,1990,2.5,8,8,0,2
76,1996,2,2,2,0,1
76,1997,2.5,2,2,0,1
76,2002,2.75,4,4,0,2
76,2010,2.5,8,8,0,2
76,2011,2.3333333333333335,3,3,0,4
78,1988,2,1,1,0,1
78,1989,5,1,1,0,3
78,1990,2,1,1,0,2
8,1989,3,3,3,0,2
801,1994,3,1,1,0,1
803,1994,3,1,1,0,1
804,1994,3,1,1,0,1
804,1996,4.25,4,4,0.5,2
804,1997,2.4,10,10,0.33333333333333337,3
804,1998,2.761904761904762,21,21,0.14285714285714288,7
804,1999,4.25,20,20,0.16666666666666669,6
804,2002,2.761904761904762,21,21,0,3
804,2010,2.4,5,5,0,3
804,2011,2,2,2,0.5,4
804,2016,2.125,8,6,NA,NA
804,2017,2,1,1,NA,NA
810,1994,2,1,1,0,1
811,1994,3,1,1,0,1
814,1994,2,1,1,0,1
818,1994,3,1,1,0,1
819,1994,4,2,2,0,2
824,1994,3,2,2,0,2
824,1995,4,1,1,0,1
824,1996,2.4,5,5,0,4
824,1998,3.2,25,25,0,5
824,1999,4.090909090909091,11,11,0,5
824,2001,2.8333333333333335,6,6,0,2
824,2002,3,9,9,0,2
824,2003,2.7777777777777777,9,9,0,1
824,2006,2,1,1,0,1
829,1994,4,2,2,0,1
83,1989,2,3,3,0,3
83,1990,2.5,2,2,0,3
830,1994,5,1,1,0,1
832,1994,5,1,1,0,1
832,1997,2.4,5,5,0,5
832,1999,6.428571428571429,7,7,0,4
832,2002,3,2,2,0,3
832,2006,4.5,2,2,0,2
832,2010,2,2,2,0,1
832,2015,2,2,2,0,1
832,2016,2,3,3,NA,NA
832,2021,2,4,4,NA,NA
835,1994,3,1,1,0,1
837,1994,3,1,1,0,1
845,1994,2.5,2,2,1,2
848,1994,2.888888888888889,9,9,0.5,2
849,1994,2,1,1,0,1
85,1990,3,8,8,0,5
850,1994,2,1,1,0,1
865,1994,2,1,1,0,1
866,1994,2.3333333333333335,3,3,0,1
87,1989,2,1,1,0,1
870,1994,2.5,2,2,0,1
871,1994,3.5,2,2,0,1
882,1994,5,1,1,0,1
887,1994,4.5,2,2,0,1
89,1989,2.3333333333333335,6,6,0,2
89,1990,5,1,1,0,3
89,1996,2.25,4,4,0,1
89,1997,2,2,2,0.5,2
89,1998,2.6666666666666665,3,3,0,2
89,2006,3,2,2,0,1
89,2010,2,2,2,0,3
89,2011,2.5,2,2,0,3
89,2016,2,3,3,NA,NA
89,2017,2,3,3,NA,NA
89,2021,2,1,1,NA,NA
895,1994,2,1,1,0,1
9,1989,2,2,2,0,1
9,1997,2,1,1,0,1
9,2001,3,5,5,0,1
9,2002,3,6,6,0,2
90,1989,2.5,2,2,0,2
905,1994,2,2,2,0,1
905,1996,2,3,3,0,2
905,1999,4.5,2,2,0,2
907,1994,2,3,3,0,1
907,1996,2.3333333333333335,3,3,0,1
909,1996,2,2,2,0,1
91,1989,2,1,1,0,1
91,1996,3.6666666666666665,3,3,0,1
915,1994,4,1,1,0,1
92,1989,2,1,1,0,1
92,1990,2,1,1,0,1
92,1996,2,3,3,0,3
92,1997,2.1666666666666665,6,6,0.5,2
92,2002,2.4444444444444446,9,9,0,2
92,2003,3,3,3,0,1
92,2011,2,1,1,0,2
92,2016,2.0588235294117645,17,15,0,1
94,1989,3,1,1,0,2
94,1990,4.6,5,5,0,2
94,1998,2,3,3,0.5,2
94,1999,4,2,2,0.5,2
950,1995,2.75,4,4,0,1
950,1996,3.6,5,5,0,2
950,1997,2.9375,16,16,0,4
950,1998,2.6666666666666665,6,6,0,2
952,1995,2.6666666666666665,3,3,0,1
952,1996,2,1,1,0,1
952,1997,2.5,4,4,0.6,5
952,1998,2,2,2,0,1
952,1999,5.555555555555555,9,9,0,2
952,2002,2,1,1,0,2
952,2006,3.6,5,5,0,4
959,1995,3,1,1,0,1
959,1997,2.5,2,2,0,2
961,1995,2,2,2,0,1
961,1997,2.5714285714285716,7,7,0,3
961,1998,2.3333333333333335,3,3,0,1
961,2002,2.8,5,5,0,2
961,2010,2,1,1,0,1
961,2016,2.473684210526316,38,32,NA,NA
961,2021,2.25,4,4,NA,NA
961,2023,2,4,3,NA,NA
97,1989,2.5,2,2,0,2
971,1995,2,1,1,0,1
98,1989,2.3333333333333335,3,3,0,3
98,1990,5,1,1,0,1
9901,1996,2,1,1,0,1
9901,1997,3,4,4,0,3
9901,1998,2.5,2,2,0,1
9902,1990,3.6666666666666665,3,3,0,3
9902,1993,3,2,2,0,1
9903,1996,2.6666666666666665,3,3,0,2
9904,1999,2,1,1,0,1
9905,2003,2,1,1,0,1
9906,1990,2,1,1,0,1
9907,1996,2.7142857142857144,7,7,0,5
9908,1999,3,2,2,0,1
9909,2003,2,1,1,0,1
9910,1990,2,2,2,0,2
9911,1996,4,7,7,0,3
9911,1999,4.666666666666667,3,3,0,2
9912,1989,2.5,2,2,0,1
9912,1990,2,1,1,0,1
9913,1990,4.333333333333333,3,3,0,2
9914,1999,8,1,1,0,1
9915,1998,2,2,2,0,2
9916,1999,2,1,1,0,1
9918,2006,2,2,2,0,2
9918,2016,2.1666666666666665,6,6,0,1
9918,2019,2,2,2,NA,NA
9919,2011,2.3333333333333335,3,3,0,6
9919,2013,2.6,5,4,0,2
9920,1996,2.1666666666666665,6,6,0,4
9921,1996,3.3333333333333335,6,6,0,3
9922,2003,3,1,1,0,1
